PARAMS
calibration_count|int|1000
calibration|Vec|0.0115596,-0.00542579,0.0250458
tx_loc|Vec|0,2.83,0
zero_eps|float|0.3
zero_count_reset|int|3
START
q|int[4]|0.999276,0.00173032,-0.00243513,0.0379284 mRot|matrix|0.997111,-0.0758103,-0.00473547;0.0757935,0.997117,-0.00364285;0.00499798,0.00327341,0.999982 deter|int|1 mInv|matrix|0.997111,0.0757935,0.00499798;-0.0758103,0.997117,0.00327341;-0.00473547,-0.00364285,0.999982 imu_acc|Vec|-2.87611e-05,0.00220994,0.000435518 t_delta|float|0.0075 acc_world|Vec|0.00146869,0.0432666,0 acc|vector<Vec>|0.00146869,0.0432666,0;0,0,0 velocity|vector<Vec>|5.50758e-06,0.00016225,0;0,0,0 position|vector<Vec>|2.06534e-08,6.08437e-07,0;0,0,0 tx_angle_1|float|1.0284e-07 tx_angle_2|float|3.15306e-07 tx_gm1_val|float|1019 tx_gm2_val|float|14272
q|int[4]|0.999276,0.0017485,-0.00244477,0.0379352 mRot|matrix|0.99711,-0.0758239,-0.00475333;0.0758068,0.997116,-0.00367996;0.00501865,0.00330899,0.999982 deter|int|1 mInv|matrix|0.99711,0.0758068,0.00501865;-0.0758239,0.997116,0.00330899;-0.00475333,-0.00367996,0.999982 imu_acc|Vec|0.000953375,0.00258406,0.000842221 t_delta|float|0.0100037 acc_world|Vec|0.0113629,0.0498119,0 acc|vector<Vec>|0.0113629,0.0498119,0;0.00146869,0.0432666,0 velocity|vector<Vec>|6.96889e-05,0.000627813,0;5.50758e-06,0.00016225,0 position|vector<Vec>|4.5187e-07,6.18329e-06,0;2.06534e-08,6.08437e-07,0 tx_angle_1|float|1.0284e-07 tx_angle_2|float|9.04567e-06 tx_gm1_val|float|1019 tx_gm2_val|float|14272
q|int[4]|0.999276,0.00174821,-0.00244937,0.0379375 mRot|matrix|0.997109,-0.0758286,-0.00476255;0.0758115,0.997115,-0.00367974;0.00502784,0.00330804,0.999982 deter|int|1 mInv|matrix|0.997109,0.0758115,0.00502784;-0.0758286,0.997115,0.00330804;-0.00476255,-0.00367974,0.999982 imu_acc|Vec|0.000815131,0.0039028,-0.00152434 t_delta|float|0.0099939 acc_world|Vec|0.0110571,0.0757259,0 acc|vector<Vec>|0.0110571,0.0757259,0;0.0113629,0.0498119,0 velocity|vector<Vec>|0,0,0;0,0,0 position|vector<Vec>|4.5187e-07,6.18329e-06,0;4.5187e-07,6.18329e-06,0 tx_angle_1|float|1.0284e-07 tx_angle_2|float|9.04567e-06 tx_gm1_val|float|1019 tx_gm2_val|float|14272
q|int[4]|0.999275,0.00174316,-0.00245111,0.0379448 mRot|matrix|0.997108,-0.0758432,-0.00476639;0.0758261,0.997114,-0.00366982;0.00503096,0.00329779,0.999982 deter|int|1 mInv|matrix|0.997108,0.0758261,0.00503097;-0.0758432,0.997114,0.00329779;-0.00476639,-0.00366982,0.999982 imu_acc|Vec|0.000334164,0.00281725,-0.000304831 t_delta|float|0.00749939 acc_world|Vec|0.00549773,0.0548637,0 acc|vector<Vec>|0.00549773,0.0548637,0;0.0110571,0.0757259,0 velocity|vector<Vec>|0,0,0;0,0,0 position|vector<Vec>|4.5187e-07,6.18329e-06,0;4.5187e-07,6.18329e-06,0 tx_angle_1|float|1.0284e-07 tx_angle_2|float|9.04567e-06 tx_gm1_val|float|1019 tx_gm2_val|float|14272
q|int[4]|0.999275,0.00173865,-0.00245009,0.0379476 mRot|matrix|0.997108,-0.0758486,-0.00476468;0.0758316,0.997114,-0.00366074;0.00502859,0.00328883,0.999982 deter|int|1 mInv|matrix|0.997108,0.0758316,0.00502859;-0.0758486,0.997114,0.00328884;-0.00476468,-0.00366074,0.999982 imu_acc|Vec|0.000922816,0.00225792,0.000652043 t_delta|float|0.0100073 acc_world|Vec|0.0108067,0.0434537,0 acc|vector<Vec>|0.0108067,0.0434537,0;0.00549773,0.0548637,0 velocity|vector<Vec>|0,0,0;0,0,0 position|vector<Vec>|4.5187e-07,6.18329e-06,0;4.5187e-07,6.18329e-06,0 tx_angle_1|float|1.0284e-07 tx_angle_2|float|9.04567e-06 tx_gm1_val|float|1019 tx_gm2_val|float|14272
q|int[4]|0.999275,0.00173999,-0.00244833,0.0379482 mRot|matrix|0.997108,-0.0758499,-0.00476104;0.0758329,0.997114,-0.00366327;0.00502516,0.00329163,0.999982 deter|int|1 mInv|matrix|0.997108,0.0758329,0.00502516;-0.0758499,0.997114,0.00329163;-0.00476104,-0.00366327,0.999982 imu_acc|Vec|0.00106953,0.00316532,0.000180827 t_delta|float|0.00749756 acc_world|Vec|0.0129594,0.0610938,0 acc|vector<Vec>|0.0129594,0.0610938,0;0.0108067,0.0434537,0 velocity|vector<Vec>|0,0,0;0,0,0 position|vector<Vec>|4.5187e-07,6.18329e-06,0;4.5187e-07,6.18329e-06,0 tx_angle_1|float|1.0284e-07 tx_angle_2|float|9.04567e-06 tx_gm1_val|float|1019 tx_gm2_val|float|14272
q|int[4]|0.999275,0.00173518,-0.00242641,0.0379512 mRot|matrix|0.997108,-0.0758558,-0.0047176;0.075839,0.997113,-0.00365202;0.00498101,0.00328367,0.999982 deter|int|1 mInv|matrix|0.997108,0.075839,0.00498101;-0.0758559,0.997113,0.00328367;-0.0047176,-0.00365202,0.999982 imu_acc|Vec|0.000431983,0.00322417,0.00139998 t_delta|float|0.0100055 acc_world|Vec|0.00677485,0.0627493,0 acc|vector<Vec>|0.00677485,0.0627493,0;0.0129594,0.0610938,0 velocity|vector<Vec>|0,0,0;0,0,0 position|vector<Vec>|4.5187e-07,6.18329e-06,0;4.5187e-07,6.18329e-06,0 tx_angle_1|float|1.0284e-07 tx_angle_2|float|9.04567e-06 tx_gm1_val|float|1019 tx_gm2_val|float|14272
q|int[4]|0.999275,0.00173227,-0.00243089,0.0379561 mRot|matrix|0.997107,-0.0758655,-0.00472676;0.0758487,0.997113,-0.00364655;0.00498976,0.00327748,0.999982 deter|int|1 mInv|matrix|0.997107,0.0758487,0.00498976;-0.0758655,0.997113,0.00327748;-0.00472676,-0.00364655,0.999982 imu_acc|Vec|0.00122657,0.00302612,0.000609605 t_delta|float|0.00749573 acc_world|Vec|0.0143829,0.0582461,0 acc|vector<Vec>|0.0143829,0.0582461,0;0.00677485,0.0627493,0 velocity|vector<Vec>|0,0,0;0,0,0 position|vector<Vec>|4.5187e-07,6.18329e-06,0;4.5187e-07,6.18329e-06,0 tx_angle_1|float|1.0284e-07 tx_angle_2|float|9.04567e-06 tx_gm1_val|float|1019 tx_gm2_val|float|14272
q|int[4]|0.999275,0.00173428,-0.00244063,0.0379634 mRot|matrix|0.997106,-0.0758801,-0.00474604;0.0758632,0.997112,-0.00365136;0.0050094,0.00328074,0.999982 deter|int|1 mInv|matrix|0.997106,0.0758632,0.0050094;-0.0758801,0.997112,0.00328074;-0.00474604,-0.00365136,0.999982 imu_acc|Vec|0.000122301,0.003284,0.000702627 t_delta|float|0.0100037 acc_world|Vec|0.00379782,0.0641643,0 acc|vector<Vec>|0.00379782,0.0641643,0;0.0143829,0.0582461,0 velocity|vector<Vec>|0,0,0;0,0,0 position|vector<Vec>|4.5187e-07,6.18329e-06,0;4.5187e-07,6.18329e-06,0 tx_angle_1|float|1.0284e-07 tx_angle_2|float|9.04567e-06 tx_gm1_val|float|1019 tx_gm2_val|float|14272
q|int[4]|0.999274,0.0017335,-0.00244351,0.0379762 mRot|matrix|0.997104,-0.0759058,-0.00475182;0.0758889,0.99711,-0.00365007;0.00501515,0.00327888,0.999982 deter|int|1 mInv|matrix|0.997104,0.0758889,0.00501515;-0.0759058,0.99711,0.00327888;-0.00475182,-0.00365007,0.999982 imu_acc|Vec|0.000533691,0.00281778,0.000331251 t_delta|float|0.0074939 acc_world|Vec|0.00744913,0.0547161,0 acc|vector<Vec>|0.00744913,0.0547161,0;0.00379782,0.0641643,0 velocity|vector<Vec>|0,0,0;0,0,0 position|vector<Vec>|4.5187e-07,6.18329e-06,0;4.5187e-07,6.18329e-06,0 tx_angle_1|float|1.0284e-07 tx_angle_2|float|9.04567e-06 tx_gm1_val|float|1019 tx_gm2_val|float|14272
q|int[4]|0.999274,0.00173296,-0.00244561,0.0379869 mRot|matrix|0.997102,-0.0759271,-0.004756;0.0759102,0.997108,-0.0036492;0.00501932,0.00327759,0.999982 deter|int|1 mInv|matrix|0.997102,0.0759102,0.00501932;-0.0759271,0.997108,0.00327759;-0.004756,-0.0036492,0.999982 imu_acc|Vec|0.000910489,0.00226775,0.000427611 t_delta|float|0.0125018 acc_world|Vec|0.0106955,0.0436551,0 acc|vector<Vec>|0.0106955,0.0436551,0;0.00744913,0.0547161,0 velocity|vector<Vec>|0,0,0;0,0,0 position|vector<Vec>|4.5187e-07,6.18329e-06,0;4.5187e-07,6.18329e-06,0 tx_angle_1|float|1.0284e-07 tx_angle_2|float|9.04567e-06 tx_gm1_val|float|1019 tx_gm2_val|float|14272
q|int[4]|0.999274,0.00175609,-0.00242591,0.0379836 mRot|matrix|0.997103,-0.0759205,-0.0047149;0.0759034,0.997108,-0.00369392;0.00498171,0.00332534,0.999982 deter|int|1 mInv|matrix|0.997103,0.0759034,0.00498171;-0.0759205,0.997108,0.00332534;-0.0047149,-0.00369392,0.999982 imu_acc|Vec|0.000554893,0.0032312,0.000277666 t_delta|float|0.0125049 acc_world|Vec|0.00798349,0.0627892,0 acc|vector<Vec>|0.00798349,0.0627892,0;0.0106955,0.0436551,0 velocity|vector<Vec>|0,0,0;0,0,0 position|vector<Vec>|4.5187e-07,6.18329e-06,0;4.5187e-07,6.18329e-06,0 tx_angle_1|float|1.0284e-07 tx_angle_2|float|9.04567e-06 tx_gm1_val|float|1019 tx_gm2_val|float|14272
q|int[4]|0.999274,0.00175731,-0.00242446,0.0379822 mRot|matrix|0.997103,-0.0759179,-0.0047119;0.0759008,0.997109,-0.00369623;0.00497889,0.00332789,0.999982 deter|int|1 mInv|matrix|0.997103,0.0759008,0.00497889;-0.0759179,0.997109,0.00332789;-0.0047119,-0.00369623,0.999982 imu_acc|Vec|0.00129594,0.00239591,0.00180301 t_delta|float|0.00999268 acc_world|Vec|0.0145624,0.045859,0 acc|vector<Vec>|0.0145624,0.045859,0;0.00798349,0.0627892,0 velocity|vector<Vec>|0,0,0;0,0,0 position|vector<Vec>|4.5187e-07,6.18329e-06,0;4.5187e-07,6.18329e-06,0 tx_angle_1|float|1.0284e-07 tx_angle_2|float|9.04567e-06 tx_gm1_val|float|1019 tx_gm2_val|float|14272
q|int[4]|0.999274,0.00175266,-0.00242539,0.037982 mRot|matrix|0.997103,-0.0759174,-0.00471412;0.0759004,0.997109,-0.00368701;0.0049804,0.00331853,0.999982 deter|int|1 mInv|matrix|0.997103,0.0759004,0.0049804;-0.0759174,0.997109,0.00331853;-0.00471412,-0.00368701,0.999982 imu_acc|Vec|0.000418986,0.00388041,-0.000263087 t_delta|float|0.00999817 acc_world|Vec|0.00716991,0.0756003,0 acc|vector<Vec>|0.00716991,0.0756003,0;0.0145624,0.045859,0 velocity|vector<Vec>|0,0,0;0,0,0 position|vector<Vec>|4.5187e-07,6.18329e-06,0;4.5187e-07,6.18329e-06,0 tx_angle_1|float|1.0284e-07 tx_angle_2|float|9.04567e-06 tx_gm1_val|float|1019 tx_gm2_val|float|14272
q|int[4]|0.999274,0.00174654,-0.00242086,0.037976 mRot|matrix|0.997104,-0.0759053,-0.00470554;0.0758884,0.99711,-0.00367442;0.00497085,0.00330669,0.999982 deter|int|1 mInv|matrix|0.997104,0.0758884,0.00497085;-0.0759053,0.99711,0.00330669;-0.00470554,-0.00367442,0.999982 imu_acc|Vec|1.81571e-05,0.002898,0.000387656 t_delta|float|0.0100037 acc_world|Vec|0.00247386,0.0566935,0 acc|vector<Vec>|0.00247386,0.0566935,0;0.00716991,0.0756003,0 velocity|vector<Vec>|0,0,0;0,0,0 position|vector<Vec>|4.5187e-07,6.18329e-06,0;4.5187e-07,6.18329e-06,0 tx_angle_1|float|1.0284e-07 tx_angle_2|float|9.04567e-06 tx_gm1_val|float|1019 tx_gm2_val|float|14272
q|int[4]|0.999274,0.00174693,-0.00242592,0.0379772 mRot|matrix|0.997104,-0.0759078,-0.00471563;0.0758908,0.997109,-0.00367558;0.004981,0.00330706,0.999982 deter|int|1 mInv|matrix|0.997104,0.0758908,0.004981;-0.0759078,0.997109,0.00330706;-0.00471563,-0.00367558,0.999982 imu_acc|Vec|-0.000243874,0.00308183,4.04995e-05 t_delta|float|0.0074939 acc_world|Vec|5.94412e-05,0.0604976,0 acc|vector<Vec>|5.94412e-05,0.0604976,0;0.00247386,0.0566935,0 velocity|vector<Vec>|0,0,0;0,0,0 position|vector<Vec>|4.5187e-07,6.18329e-06,0;4.5187e-07,6.18329e-06,0 tx_angle_1|float|1.0284e-07 tx_angle_2|float|9.04567e-06 tx_gm1_val|float|1019 tx_gm2_val|float|14272
q|int[4]|0.999274,0.00174169,-0.00244065,0.0379682 mRot|matrix|0.997105,-0.0758897,-0.0047455;0.0758727,0.997111,-0.00366618;0.00501002,0.00329552,0.999982 deter|int|1 mInv|matrix|0.997105,0.0758727,0.00501002;-0.0758897,0.997111,0.00329552;-0.0047455,-0.00366618,0.999982 imu_acc|Vec|0.000107246,0.00225425,0.000662275 t_delta|float|0.0100018 acc_world|Vec|0.0028348,0.0440261,0 acc|vector<Vec>|0.0028348,0.0440261,0;5.94412e-05,0.0604976,0 velocity|vector<Vec>|0,0,0;0,0,0 position|vector<Vec>|4.5187e-07,6.18329e-06,0;4.5187e-07,6.18329e-06,0 tx_angle_1|float|1.0284e-07 tx_angle_2|float|9.04567e-06 tx_gm1_val|float|1019 tx_gm2_val|float|14272
q|int[4]|0.999274,0.00174419,-0.00244472,0.0379803 mRot|matrix|0.997103,-0.0759139,-0.00475339;0.0758969,0.997109,-0.00367155;0.00501837,0.00330015,0.999982 deter|int|1 mInv|matrix|0.997103,0.0758969,0.00501837;-0.0759139,0.997109,0.00330015;-0.00475339,-0.00367155,0.999982 imu_acc|Vec|0.00134743,0.00250218,-0.000114255 t_delta|float|0.0125073 acc_world|Vec|0.0151507,0.0478971,0 acc|vector<Vec>|0.0151507,0.0478971,0;0.0028348,0.0440261,0 velocity|vector<Vec>|0,0,0;0,0,0 position|vector<Vec>|4.5187e-07,6.18329e-06,0;4.5187e-07,6.18329e-06,0 tx_angle_1|float|1.0284e-07 tx_angle_2|float|9.04567e-06 tx_gm1_val|float|1019 tx_gm2_val|float|14272
q|int[4]|0.999274,0.00174156,-0.00244536,0.0379789 mRot|matrix|0.997103,-0.0759112,-0.00475488;0.0758942,0.997109,-0.00366633;0.00501945,0.00329484,0.999982 deter|int|1 mInv|matrix|0.997103,0.0758942,0.00501945;-0.0759112,0.997109,0.00329484;-0.00475489,-0.00366633,0.999982 imu_acc|Vec|0.00104918,0.00298255,0.000503885 t_delta|float|0.00999512 acc_world|Vec|0.0126172,0.0575326,0 acc|vector<Vec>|0.0126172,0.0575326,0;0.0151507,0.0478971,0 velocity|vector<Vec>|0,0,0;0,0,0 position|vector<Vec>|4.5187e-07,6.18329e-06,0;4.5187e-07,6.18329e-06,0 tx_angle_1|float|1.0284e-07 tx_angle_2|float|9.04567e-06 tx_gm1_val|float|1019 tx_gm2_val|float|14272
q|int[4]|0.999274,0.00174442,-0.0024485,0.0379783 mRot|matrix|0.997103,-0.0759101,-0.00476095;0.075893,0.997109,-0.00367229;0.00502595,0.00330033,0.999982 deter|int|1 mInv|matrix|0.997103,0.075893,0.00502595;-0.0759101,0.997109,0.00330033;-0.00476095,-0.00367229,0.999982 imu_acc|Vec|0.000982503,0.00174338,-0.00072556 t_delta|float|0.0100006 acc_world|Vec|0.0109831,0.0333374,0 acc|vector<Vec>|0.0109831,0.0333374,0;0.0126172,0.0575326,0 velocity|vector<Vec>|0,0,0;0,0,0 position|vector<Vec>|4.5187e-07,6.18329e-06,0;4.5187e-07,6.18329e-06,0 tx_angle_1|float|1.0284e-07 tx_angle_2|float|9.04567e-06 tx_gm1_val|float|1019 tx_gm2_val|float|14272
q|int[4]|0.999274,0.0017447,-0.00244687,0.037973 mRot|matrix|0.997104,-0.0758994,-0.00475768;0.0758823,0.99711,-0.00367269;0.00502269,0.00330103,0.999982 deter|int|1 mInv|matrix|0.997104,0.0758823,0.00502269;-0.0758994,0.99711,0.00330103;-0.00475768,-0.00367269,0.999982 imu_acc|Vec|0.000413662,0.00200149,-0.000217171 t_delta|float|0.0075061 acc_world|Vec|0.00562906,0.0388379,0 acc|vector<Vec>|0.00562906,0.0388379,0;0.0109831,0.0333374,0 velocity|vector<Vec>|0,0,0;0,0,0 position|vector<Vec>|4.5187e-07,6.18329e-06,0;4.5187e-07,6.18329e-06,0 tx_angle_1|float|1.0284e-07 tx_angle_2|float|9.04567e-06 tx_gm1_val|float|1019 tx_gm2_val|float|14272
q|int[4]|0.999275,0.00169376,-0.0024341,0.0379652 mRot|matrix|0.997105,-0.0758836,-0.00473607;0.0758672,0.997112,-0.00356988;0.00499328,0.00320024,0.999982 deter|int|1 mInv|matrix|0.997105,0.0758672,0.00499328;-0.0758836,0.997111,0.00320024;-0.00473607,-0.00356988,0.999982 imu_acc|Vec|0.000343787,0.00303978,0.00106977 t_delta|float|0.0124988 acc_world|Vec|0.00576818,0.0592106,0 acc|vector<Vec>|0.00576818,0.0592106,0;0.00562906,0.0388379,0 velocity|vector<Vec>|0,0,0;0,0,0 position|vector<Vec>|4.5187e-07,6.18329e-06,0;4.5187e-07,6.18329e-06,0 tx_angle_1|float|1.0284e-07 tx_angle_2|float|9.04567e-06 tx_gm1_val|float|1019 tx_gm2_val|float|14272
q|int[4]|0.999275,0.00168624,-0.00243079,0.0379542 mRot|matrix|0.997107,-0.0758617,-0.00473006;0.0758453,0.997113,-0.00355456;0.00498606,0.00318552,0.999982 deter|int|1 mInv|matrix|0.997107,0.0758453,0.00498606;-0.0758617,0.997113,0.00318552;-0.00473006,-0.00355456,0.999983 imu_acc|Vec|-3.34801e-05,0.00361417,0.00107625 t_delta|float|0.00750183 acc_world|Vec|0.0025358,0.0707483,0 acc|vector<Vec>|0.0025358,0.0707483,0;0.00576818,0.0592106,0 velocity|vector<Vec>|0,0,0;0,0,0 position|vector<Vec>|4.5187e-07,6.18329e-06,0;4.5187e-07,6.18329e-06,0 tx_angle_1|float|1.0284e-07 tx_angle_2|float|9.04567e-06 tx_gm1_val|float|1019 tx_gm2_val|float|14272
q|int[4]|0.999275,0.00168026,-0.00243534,0.0379503 mRot|matrix|0.997108,-0.0758539,-0.00473961;0.0758375,0.997114,-0.00354293;0.00499468,0.00317324,0.999982 deter|int|1 mInv|matrix|0.997108,0.0758375,0.00499468;-0.0758539,0.997114,0.00317324;-0.00473961,-0.00354293,0.999982 imu_acc|Vec|-0.000398122,0.00312971,0.000470268 t_delta|float|0.00999451 acc_world|Vec|-0.00141109,0.0615564,0 acc|vector<Vec>|-0.00141109,0.0615564,0;0.0025358,0.0707483,0 velocity|vector<Vec>|0,0,0;0,0,0 position|vector<Vec>|4.5187e-07,6.18329e-06,0;4.5187e-07,6.18329e-06,0 tx_angle_1|float|1.0284e-07 tx_angle_2|float|9.04567e-06 tx_gm1_val|float|1019 tx_gm2_val|float|14272
q|int[4]|0.999276,0.00168164,-0.00243098,0.0379415 mRot|matrix|0.997109,-0.0758362,-0.00473082;0.0758198,0.997115,-0.00354532;0.00498604,0.00317638,0.999983 deter|int|1 mInv|matrix|0.997109,0.0758198,0.00498604;-0.0758362,0.997115,0.00317638;-0.00473082,-0.00354532,0.999983 imu_acc|Vec|0.000318972,0.00244222,0.00089513 t_delta|float|0.0075 acc_world|Vec|0.00505088,0.0475374,0 acc|vector<Vec>|0.00505088,0.0475374,0;-0.00141109,0.0615564,0 velocity|vector<Vec>|0,0,0;0,0,0 position|vector<Vec>|4.5187e-07,6.18329e-06,0;4.5187e-07,6.18329e-06,0 tx_angle_1|float|1.0284e-07 tx_angle_2|float|9.04567e-06 tx_gm1_val|float|1019 tx_gm2_val|float|14272
q|int[4]|0.999276,0.00168512,-0.00243267,0.0379388 mRot|matrix|0.997109,-0.0758309,-0.00473395;0.0758145,0.997116,-0.00355238;0.00498967,0.00318321,0.999982 deter|int|1 mInv|matrix|0.997109,0.0758145,0.00498967;-0.0758309,0.997116,0.00318321;-0.00473395,-0.00355238,0.999983 imu_acc|Vec|0.000212967,0.00222497,0.00035855 t_delta|float|0.00999268 acc_world|Vec|0.00384296,0.04337,0 acc|vector<Vec>|0.00384296,0.04337,0;0.00505088,0.0475374,0 velocity|vector<Vec>|0,0,0;0,0,0 position|vector<Vec>|4.5187e-07,6.18329e-06,0;4.5187e-07,6.18329e-06,0 tx_angle_1|float|1.0284e-07 tx_angle_2|float|9.04567e-06 tx_gm1_val|float|1019 tx_gm2_val|float|14272
q|int[4]|0.999276,0.00167953,-0.00242114,0.0379443 mRot|matrix|0.997109,-0.0758417,-0.00471131;0.0758255,0.997115,-0.00354036;0.00496622,0.00317288,0.999983 deter|int|1 mInv|matrix|0.997109,0.0758255,0.00496622;-0.0758417,0.997115,0.00317288;-0.00471131,-0.00354036,0.999983 imu_acc|Vec|0.000173064,0.00258537,-0.000594748 t_delta|float|0.00749817 acc_world|Vec|0.00373811,0.0504537,0 acc|vector<Vec>|0.00373811,0.0504537,0;0.00384296,0.04337,0 velocity|vector<Vec>|0,0,0;0,0,0 position|vector<Vec>|4.5187e-07,6.18329e-06,0;4.5187e-07,6.18329e-06,0 tx_angle_1|float|1.0284e-07 tx_angle_2|float|9.04567e-06 tx_gm1_val|float|1019 tx_gm2_val|float|14272
q|int[4]|0.999275,0.00168041,-0.00240879,0.0379498 mRot|matrix|0.997108,-0.0758527,-0.00468654;0.0758365,0.997114,-0.0035412;0.00494163,0.00317555,0.999983 deter|int|1 mInv|matrix|0.997108,0.0758365,0.00494163;-0.0758527,0.997114,0.00317555;-0.00468654,-0.0035412,0.999983 imu_acc|Vec|0.00152985,0.00270073,0.000282316 t_delta|float|0.0100061 acc_world|Vec|0.0170871,0.0516404,0 acc|vector<Vec>|0.0170871,0.0516404,0;0.00373811,0.0504537,0 velocity|vector<Vec>|0,0,0;0,0,0 position|vector<Vec>|4.5187e-07,6.18329e-06,0;4.5187e-07,6.18329e-06,0 tx_angle_1|float|1.0284e-07 tx_angle_2|float|9.04567e-06 tx_gm1_val|float|1019 tx_gm2_val|float|14272
q|int[4]|0.999275,0.00168217,-0.00240793,0.0379493 mRot|matrix|0.997108,-0.0758517,-0.00468469;0.0758355,0.997114,-0.00354466;0.00494004,0.00317915,0.999983 deter|int|1 mInv|matrix|0.997108,0.0758355,0.00494004;-0.0758517,0.997114,0.00317915;-0.00468469,-0.00354467,0.999983 imu_acc|Vec|0.000447835,0.00211334,0.00150365 t_delta|float|0.00749634 acc_world|Vec|0.00604901,0.0410002,0 acc|vector<Vec>|0.00604901,0.0410002,0;0.0170871,0.0516404,0 velocity|vector<Vec>|0,0,0;0,0,0 position|vector<Vec>|4.5187e-07,6.18329e-06,0;4.5187e-07,6.18329e-06,0 tx_angle_1|float|1.0284e-07 tx_angle_2|float|9.04567e-06 tx_gm1_val|float|1019 tx_gm2_val|float|14272
q|int[4]|0.999276,0.00168673,-0.00241173,0.0379455 mRot|matrix|0.997109,-0.0758442,-0.00469196;0.0758279,0.997115,-0.00355405;0.00494798,0.00318799,0.999983 deter|int|1 mInv|matrix|0.997109,0.0758279,0.00494798;-0.0758442,0.997115,0.00318799;-0.00469196,-0.00355405,0.999983 imu_acc|Vec|0.000239147,0.00192427,-0.000626914 t_delta|float|0.0100043 acc_world|Vec|0.00386012,0.0374652,0 acc|vector<Vec>|0.00386012,0.0374652,0;0.00604901,0.0410002,0 velocity|vector<Vec>|0,0,0;0,0,0 position|vector<Vec>|4.5187e-07,6.18329e-06,0;4.5187e-07,6.18329e-06,0 tx_angle_1|float|1.0284e-07 tx_angle_2|float|9.04567e-06 tx_gm1_val|float|1019 tx_gm2_val|float|14272
q|int[4]|0.999275,0.00168367,-0.00241493,0.0379461 mRot|matrix|0.997109,-0.0758454,-0.00469858;0.0758291,0.997115,-0.00354817;0.00495413,0.00318162,0.999983 deter|int|1 mInv|matrix|0.997109,0.0758291,0.00495413;-0.0758454,0.997115,0.00318162;-0.00469858,-0.00354817,0.999983 imu_acc|Vec|0.000195378,0.00186865,0.00135271 t_delta|float|0.00749451 acc_world|Vec|0.00338854,0.0364114,0 acc|vector<Vec>|0.00338854,0.0364114,0;0.00386012,0.0374652,0 velocity|vector<Vec>|0,0,0;0,0,0 position|vector<Vec>|4.5187e-07,6.18329e-06,0;4.5187e-07,6.18329e-06,0 tx_angle_1|float|1.0284e-07 tx_angle_2|float|9.04567e-06 tx_gm1_val|float|1019 tx_gm2_val|float|14272
q|int[4]|0.999275,0.00168241,-0.00242012,0.0379475 mRot|matrix|0.997108,-0.0758481,-0.00470906;0.0758318,0.997114,-0.00354606;0.00496443,0.00317871,0.999983 deter|int|1 mInv|matrix|0.997108,0.0758318,0.00496443;-0.0758481,0.997114,0.00317871;-0.00470906,-0.00354606,0.999983 imu_acc|Vec|0.00113912,0.00337692,0.000249194 t_delta|float|0.0100024 acc_world|Vec|0.013805,0.0651802,0 acc|vector<Vec>|0.013805,0.0651802,0;0.00338854,0.0364114,0 velocity|vector<Vec>|0,0,0;0,0,0 position|vector<Vec>|4.5187e-07,6.18329e-06,0;4.5187e-07,6.18329e-06,0 tx_angle_1|float|1.0284e-07 tx_angle_2|float|9.04567e-06 tx_gm1_val|float|1019 tx_gm2_val|float|14272
q|int[4]|0.999276,0.0016858,-0.00244014,0.03794 mRot|matrix|0.997109,-0.0758333,-0.00474882;0.0758168,0.997115,-0.00355432;0.00500466,0.003184,0.999982 deter|int|1 mInv|matrix|0.997109,0.0758168,0.00500466;-0.0758333,0.997115,0.003184;-0.00474882,-0.00355431,0.999982 imu_acc|Vec|-0.000109238,0.00271114,0.00120098 t_delta|float|0.00749268 acc_world|Vec|0.00107992,0.0531376,0 acc|vector<Vec>|0.00107992,0.0531376,0;0.013805,0.0651802,0 velocity|vector<Vec>|0,0,0;0,0,0 position|vector<Vec>|4.5187e-07,6.18329e-06,0;4.5187e-07,6.18329e-06,0 tx_angle_1|float|1.0284e-07 tx_angle_2|float|9.04567e-06 tx_gm1_val|float|1019 tx_gm2_val|float|14272
q|int[4]|0.999276,0.00168879,-0.00244837,0.0379412 mRot|matrix|0.997109,-0.0758356,-0.00476504;0.0758191,0.997115,-0.00356092;0.00502134,0.00318934,0.999982 deter|int|1 mInv|matrix|0.997109,0.0758191,0.00502134;-0.0758356,0.997115,0.00318934;-0.00476504,-0.00356092,0.999982 imu_acc|Vec|0.00138003,0.00193639,0.00104126 t_delta|float|0.0100006 acc_world|Vec|0.0150193,0.0368011,0 acc|vector<Vec>|0.0150193,0.0368011,0;0.00107992,0.0531376,0 velocity|vector<Vec>|0,0,0;0,0,0 position|vector<Vec>|4.5187e-07,6.18329e-06,0;4.5187e-07,6.18329e-06,0 tx_angle_1|float|1.0284e-07 tx_angle_2|float|9.04567e-06 tx_gm1_val|float|1019 tx_gm2_val|float|14272
q|int[4]|0.999275,0.00169572,-0.00244439,0.0379469 mRot|matrix|0.997108,-0.075847,-0.00475655;0.0758305,0.997114,-0.00357449;0.00501394,0.00320346,0.999982 deter|int|1 mInv|matrix|0.997108,0.0758305,0.00501394;-0.075847,0.997114,0.00320346;-0.00475655,-0.00357449,0.999982 imu_acc|Vec|0.00230437,0.00262209,-0.000425411 t_delta|float|0.0125061 acc_world|Vec|0.024595,0.0494886,0 acc|vector<Vec>|0.024595,0.0494886,0;0.0150193,0.0368011,0 velocity|vector<Vec>|0,0,0;0,0,0 position|vector<Vec>|4.5187e-07,6.18329e-06,0;4.5187e-07,6.18329e-06,0 tx_angle_1|float|1.0284e-07 tx_angle_2|float|9.04567e-06 tx_gm1_val|float|1019 tx_gm2_val|float|14272
q|int[4]|0.999275,0.00169642,-0.00244995,0.0379442 mRot|matrix|0.997108,-0.0758418,-0.00476761;0.0758252,0.997115,-0.00357631;0.00502509,0.00320446,0.999982 deter|int|1 mInv|matrix|0.997109,0.0758252,0.00502509;-0.0758418,0.997115,0.00320447;-0.00476762,-0.00357631,0.999982 imu_acc|Vec|0.00108968,0.00278866,0.000930972 t_delta|float|0.0099939 acc_world|Vec|0.0128575,0.0537075,0 acc|vector<Vec>|0.0128575,0.0537075,0;0.024595,0.0494886,0 velocity|vector<Vec>|0,0,0;0,0,0 position|vector<Vec>|4.5187e-07,6.18329e-06,0;4.5187e-07,6.18329e-06,0 tx_angle_1|float|1.0284e-07 tx_angle_2|float|9.04567e-06 tx_gm1_val|float|1019 tx_gm2_val|float|14272
q|int[4]|0.999276,0.00170218,-0.00245164,0.0379398 mRot|matrix|0.997109,-0.075833,-0.00477056;0.0758163,0.997115,-0.00358792;0.00502888,0.00321586,0.999982 deter|int|1 mInv|matrix|0.997109,0.0758163,0.00502888;-0.075833,0.997115,0.00321586;-0.00477056,-0.00358792,0.999982 imu_acc|Vec|0.00107676,0.0031519,5.91557e-05 t_delta|float|0.00999939 acc_world|Vec|0.0130189,0.0608255,0 acc|vector<Vec>|0.0130189,0.0608255,0;0.0128575,0.0537075,0 velocity|vector<Vec>|0,0,0;0,0,0 position|vector<Vec>|4.5187e-07,6.18329e-06,0;4.5187e-07,6.18329e-06,0 tx_angle_1|float|1.0284e-07 tx_angle_2|float|9.04567e-06 tx_gm1_val|float|1019 tx_gm2_val|float|14272
q|int[4]|0.999276,0.00169182,-0.00244305,0.0379365 mRot|matrix|0.99711,-0.0758264,-0.00475419;0.0758098,0.997116,-0.00356655;0.00501092,0.00319583,0.999982 deter|int|1 mInv|matrix|0.99711,0.0758098,0.00501092;-0.0758264,0.997116,0.00319583;-0.00475419,-0.00356655,0.999982 imu_acc|Vec|0.00111318,0.00278576,-0.000620915 t_delta|float|0.00750488 acc_world|Vec|0.0130841,0.0536324,0 acc|vector<Vec>|0.0130841,0.0536324,0;0.0130189,0.0608255,0 velocity|vector<Vec>|0,0,0;0,0,0 position|vector<Vec>|4.5187e-07,6.18329e-06,0;4.5187e-07,6.18329e-06,0 tx_angle_1|float|1.0284e-07 tx_angle_2|float|9.04567e-06 tx_gm1_val|float|1019 tx_gm2_val|float|14272
q|int[4]|0.999276,0.00169143,-0.0024412,0.0379347 mRot|matrix|0.99711,-0.0758228,-0.00475054;0.0758062,0.997116,-0.00356563;0.0050072,0.0031952,0.999982 deter|int|1 mInv|matrix|0.99711,0.0758062,0.0050072;-0.0758228,0.997116,0.0031952;-0.00475054,-0.00356563,0.999982 imu_acc|Vec|0.000291224,0.00330211,0.000808505 t_delta|float|0.00999756 acc_world|Vec|0.00546092,0.0643855,0 acc|vector<Vec>|0.00546092,0.0643855,0;0.0130841,0.0536324,0 velocity|vector<Vec>|0,0,0;0,0,0 position|vector<Vec>|4.5187e-07,6.18329e-06,0;4.5187e-07,6.18329e-06,0 tx_angle_1|float|1.0284e-07 tx_angle_2|float|9.04567e-06 tx_gm1_val|float|1019 tx_gm2_val|float|14272
q|int[4]|0.999276,0.00169746,-0.00243908,0.03793 mRot|matrix|0.997111,-0.0758133,-0.00474586;0.0757967,0.997117,-0.00357749;0.0050034,0.00320743,0.999982 deter|int|1 mInv|matrix|0.997111,0.0757967,0.0050034;-0.0758133,0.997117,0.00320743;-0.00474586,-0.00357749,0.999982 imu_acc|Vec|0.000496748,0.00253777,0.000878142 t_delta|float|0.00750305 acc_world|Vec|0.00686358,0.0492668,0 acc|vector<Vec>|0.00686358,0.0492668,0;0.00546092,0.0643855,0 velocity|vector<Vec>|0,0,0;0,0,0 position|vector<Vec>|4.5187e-07,6.18329e-06,0;4.5187e-07,6.18329e-06,0 tx_angle_1|float|1.0284e-07 tx_angle_2|float|9.04567e-06 tx_gm1_val|float|1019 tx_gm2_val|float|14272
q|int[4]|0.999276,0.00170134,-0.00243782,0.0379263 mRot|matrix|0.997111,-0.0758059,-0.00474307;0.0757893,0.997117,-0.00358513;0.00500117,0.0032153,0.999982 deter|int|1 mInv|matrix|0.997111,0.0757893,0.00500117;-0.0758059,0.997117,0.0032153;-0.00474307,-0.00358513,0.999982 imu_acc|Vec|0.00091144,0.00191391,0.00119814 t_delta|float|0.00999573 acc_world|Vec|0.0104216,0.0367317,0 acc|vector<Vec>|0.0104216,0.0367317,0;0.00686358,0.0492668,0 velocity|vector<Vec>|0,0,0;0,0,0 position|vector<Vec>|4.5187e-07,6.18329e-06,0;4.5187e-07,6.18329e-06,0 tx_angle_1|float|1.0284e-07 tx_angle_2|float|9.04567e-06 tx_gm1_val|float|1019 tx_gm2_val|float|14272
q|int[4]|0.999276,0.00170736,-0.00243255,0.037925 mRot|matrix|0.997112,-0.0758034,-0.00473207;0.0757868,0.997118,-0.00359676;0.00499108,0.00322775,0.999982 deter|int|1 mInv|matrix|0.997111,0.0757868,0.00499108;-0.0758034,0.997117,0.00322775;-0.00473207,-0.00359676,0.999982 imu_acc|Vec|-0.000368401,0.00154368,0.00088919 t_delta|float|0.00750122 acc_world|Vec|-0.00237789,0.0304975,0 acc|vector<Vec>|-0.00237789,0.0304975,0;0.0104216,0.0367317,0 velocity|vector<Vec>|0,0,0;0,0,0 position|vector<Vec>|4.5187e-07,6.18329e-06,0;4.5187e-07,6.18329e-06,0 tx_angle_1|float|1.0284e-07 tx_angle_2|float|9.04567e-06 tx_gm1_val|float|1019 tx_gm2_val|float|14272
q|int[4]|0.999276,0.00171385,-0.00243163,0.0379244 mRot|matrix|0.997112,-0.0758023,-0.00472975;0.0757856,0.997118,-0.00360966;0.00498973,0.00324079,0.999982 deter|int|1 mInv|matrix|0.997112,0.0757857,0.00498973;-0.0758023,0.997118,0.00324079;-0.00472975,-0.00360966,0.999982 imu_acc|Vec|0.000287625,0.00238613,0.000218658 t_delta|float|0.0099939 acc_world|Vec|0.00469944,0.0464648,0 acc|vector<Vec>|0.00469944,0.0464648,0;-0.00237789,0.0304975,0 velocity|vector<Vec>|0,0,0;0,0,0 position|vector<Vec>|4.5187e-07,6.18329e-06,0;4.5187e-07,6.18329e-06,0 tx_angle_1|float|1.0284e-07 tx_angle_2|float|9.04567e-06 tx_gm1_val|float|1019 tx_gm2_val|float|14272
q|int[4]|0.999276,0.00173429,-0.00243628,0.0379324 mRot|matrix|0.99711,-0.0758183,-0.00473745;0.0758014,0.997116,-0.0036509;0.00500059,0.00328124,0.999982 deter|int|1 mInv|matrix|0.99711,0.0758014,0.00500059;-0.0758183,0.997116,0.00328124;-0.00473745,-0.0036509,0.999982 imu_acc|Vec|-0.000293458,0.00170405,0.000156967 t_delta|float|0.00749939 acc_world|Vec|-0.00151821,0.0335765,0 acc|vector<Vec>|-0.00151821,0.0335765,0;0.00469944,0.0464648,0 velocity|vector<Vec>|0,0,0;0,0,0 position|vector<Vec>|4.5187e-07,6.18329e-06,0;4.5187e-07,6.18329e-06,0 tx_angle_1|float|1.0284e-07 tx_angle_2|float|9.04567e-06 tx_gm1_val|float|1019 tx_gm2_val|float|14272
q|int[4]|0.999276,0.00173646,-0.00244192,0.0379412 mRot|matrix|0.997109,-0.0758359,-0.00474854;0.0758189,0.997115,-0.00365571;0.00501207,0.00328511,0.999982 deter|int|1 mInv|matrix|0.997109,0.0758189,0.00501207;-0.0758359,0.997115,0.00328511;-0.00474854,-0.00365571,0.999982 imu_acc|Vec|0.000178624,0.00298421,0.000105269 t_delta|float|0.0100073 acc_world|Vec|0.00410938,0.0582537,0 acc|vector<Vec>|0.00410938,0.0582537,0;-0.00151821,0.0335765,0 velocity|vector<Vec>|0,0,0;0,0,0 position|vector<Vec>|4.5187e-07,6.18329e-06,0;4.5187e-07,6.18329e-06,0 tx_angle_1|float|1.0284e-07 tx_angle_2|float|9.04567e-06 tx_gm1_val|float|1019 tx_gm2_val|float|14272
q|int[4]|0.999275,0.00174571,-0.00244668,0.0379451 mRot|matrix|0.997108,-0.0758437,-0.00475734;0.0758266,0.997114,-0.00367458;0.00502231,0.00330322,0.999982 deter|int|1 mInv|matrix|0.997108,0.0758266,0.00502231;-0.0758437,0.997114,0.00330322;-0.00475734,-0.00367458,0.999982 imu_acc|Vec|-0.000315187,0.00373137,0.000909476 t_delta|float|0.00749756 acc_world|Vec|-0.000123472,0.073264,0 acc|vector<Vec>|-0.000123472,0.073264,0;0.00410938,0.0582537,0 velocity|vector<Vec>|0,0,0;0,0,0 position|vector<Vec>|4.5187e-07,6.18329e-06,0;4.5187e-07,6.18329e-06,0 tx_angle_1|float|1.0284e-07 tx_angle_2|float|9.04567e-06 tx_gm1_val|float|1019 tx_gm2_val|float|14272
q|int[4]|0.999275,0.00174726,-0.00244156,0.0379489 mRot|matrix|0.997108,-0.0758513,-0.00474697;0.0758342,0.997114,-0.00367729;0.00501219,0.00330667,0.999982 deter|int|1 mInv|matrix|0.997108,0.0758342,0.00501219;-0.0758513,0.997114,0.00330667;-0.00474697,-0.00367729,0.999982 imu_acc|Vec|-0.000286193,0.00258983,0.000357218 t_delta|float|0.0100055 acc_world|Vec|-0.000744669,0.0509035,0 acc|vector<Vec>|-0.000744669,0.0509035,0;-0.000123472,0.073264,0 velocity|vector<Vec>|0,0,0;0,0,0 position|vector<Vec>|4.5187e-07,6.18329e-06,0;4.5187e-07,6.18329e-06,0 tx_angle_1|float|1.0284e-07 tx_angle_2|float|9.04567e-06 tx_gm1_val|float|1019 tx_gm2_val|float|14272
q|int[4]|0.999275,0.00175259,-0.00244054,0.037948 mRot|matrix|0.997108,-0.0758496,-0.00474453;0.0758325,0.997114,-0.00368786;0.00501056,0.00331741,0.999982 deter|int|1 mInv|matrix|0.997108,0.0758325,0.00501056;-0.0758496,0.997114,0.00331741;-0.00474453,-0.00368786,0.999982 imu_acc|Vec|0.000494286,0.00315963,0.00101072 t_delta|float|0.00749573 acc_world|Vec|0.00733325,0.061437,0 acc|vector<Vec>|0.00733325,0.061437,0;-0.000744669,0.0509035,0 velocity|vector<Vec>|0,0,0;0,0,0 position|vector<Vec>|4.5187e-07,6.18329e-06,0;4.5187e-07,6.18329e-06,0 tx_angle_1|float|1.0284e-07 tx_angle_2|float|9.04567e-06 tx_gm1_val|float|1019 tx_gm2_val|float|14272
q|int[4]|0.999275,0.00174195,-0.00245295,0.0379546 mRot|matrix|0.997107,-0.0758628,-0.00477011;0.0758457,0.997113,-0.00366757;0.00503457,0.00329517,0.999982 deter|int|1 mInv|matrix|0.997107,0.0758457,0.00503457;-0.0758628,0.997113,0.00329517;-0.00477011,-0.00366757,0.999982 imu_acc|Vec|4.75748e-05,0.00311418,0.000841008 t_delta|float|0.0100037 acc_world|Vec|0.00293326,0.0609002,0 acc|vector<Vec>|0.00293326,0.0609002,0;0.00733325,0.061437,0 velocity|vector<Vec>|0,0,0;0,0,0 position|vector<Vec>|4.5187e-07,6.18329e-06,0;4.5187e-07,6.18329e-06,0 tx_angle_1|float|1.0284e-07 tx_angle_2|float|9.04567e-06 tx_gm1_val|float|1019 tx_gm2_val|float|14272
q|int[4]|0.999275,0.00173009,-0.00247697,0.0379513 mRot|matrix|0.997107,-0.0758562,-0.00481903;0.0758391,0.997113,-0.00364568;0.00508166,0.00326966,0.999982 deter|int|1 mInv|matrix|0.997107,0.0758391,0.00508166;-0.0758562,0.997113,0.00326966;-0.00481903,-0.00364568,0.999982 imu_acc|Vec|-7.54716e-05,0.00350155,0.000458725 t_delta|float|0.0074939 acc_world|Vec|0.00203933,0.0685774,0 acc|vector<Vec>|0.00203933,0.0685774,0;0.00293326,0.0609002,0 velocity|vector<Vec>|0,0,0;0,0,0 position|vector<Vec>|4.5187e-07,6.18329e-06,0;4.5187e-07,6.18329e-06,0 tx_angle_1|float|1.0284e-07 tx_angle_2|float|9.04567e-06 tx_gm1_val|float|1019 tx_gm2_val|float|14272
q|int[4]|0.999275,0.00173527,-0.00247904,0.0379541 mRot|matrix|0.997107,-0.0758617,-0.00482276;0.0758445,0.997113,-0.00365621;0.0050862,0.00327985,0.999982 deter|int|1 mInv|matrix|0.997107,0.0758445,0.0050862;-0.0758617,0.997113,0.00327985;-0.00482276,-0.00365621,0.999982 imu_acc|Vec|-9.26377e-05,0.00257136,5.26588e-05 t_delta|float|0.00750183 acc_world|Vec|0.00113417,0.0503891,0 acc|vector<Vec>|0.00113417,0.0503891,0;0.00203933,0.0685774,0 velocity|vector<Vec>|0,0,0;0,0,0 position|vector<Vec>|4.5187e-07,6.18329e-06,0;4.5187e-07,6.18329e-06,0 tx_angle_1|float|1.0284e-07 tx_angle_2|float|9.04567e-06 tx_gm1_val|float|1019 tx_gm2_val|float|14272
q|int[4]|0.999275,0.00173324,-0.00248118,0.0379586 mRot|matrix|0.997106,-0.0758708,-0.00482718;0.0758536,0.997112,-0.00365233;0.00509034,0.0032756,0.999982 deter|int|1 mInv|matrix|0.997106,0.0758536,0.00509034;-0.0758708,0.997112,0.0032756;-0.00482718,-0.00365233,0.999982 imu_acc|Vec|0.000671733,0.00365876,0.000756808 t_delta|float|0.00999451 acc_world|Vec|0.00946625,0.0710627,0 acc|vector<Vec>|0.00946625,0.0710627,0;0.00113417,0.0503891,0 velocity|vector<Vec>|0,0,0;0,0,0 position|vector<Vec>|4.5187e-07,6.18329e-06,0;4.5187e-07,6.18329e-06,0 tx_angle_1|float|1.0284e-07 tx_angle_2|float|9.04567e-06 tx_gm1_val|float|1019 tx_gm2_val|float|14272
q|int[4]|0.999275,0.00172814,-0.00248509,0.0379597 mRot|matrix|0.997106,-0.0758729,-0.00483537;0.0758557,0.997112,-0.00364244;0.00509777,0.00326511,0.999982 deter|int|1 mInv|matrix|0.997106,0.0758557,0.00509777;-0.0758729,0.997112,0.00326511;-0.00483537,-0.00364244,0.999982 imu_acc|Vec|0.000651869,0.00385505,0.000351833 t_delta|float|0.0075 acc_world|Vec|0.0094282,0.0749192,0 acc|vector<Vec>|0.0094282,0.0749192,0;0.00946625,0.0710627,0 velocity|vector<Vec>|0,0,0;0,0,0 position|vector<Vec>|4.5187e-07,6.18329e-06,0;4.5187e-07,6.18329e-06,0 tx_angle_1|float|1.0284e-07 tx_angle_2|float|9.04567e-06 tx_gm1_val|float|1019 tx_gm2_val|float|14272
q|int[4]|0.999275,0.00172883,-0.00248902,0.0379507 mRot|matrix|0.997107,-0.075855,-0.00484321;0.0758378,0.997114,-0.00364408;0.00510565,0.00326624,0.999982 deter|int|1 mInv|matrix|0.997107,0.0758378,0.00510565;-0.075855,0.997114,0.00326624;-0.00484321,-0.00364408,0.999982 imu_acc|Vec|-0.000266742,0.00183877,0.000383841 t_delta|float|0.0124927 acc_world|Vec|-0.00114791,0.0361917,0 acc|vector<Vec>|-0.00114791,0.0361917,0;0.0094282,0.0749192,0 velocity|vector<Vec>|0,0,0;0,0,0 position|vector<Vec>|4.5187e-07,6.18329e-06,0;4.5187e-07,6.18329e-06,0 tx_angle_1|float|1.0284e-07 tx_angle_2|float|9.04567e-06 tx_gm1_val|float|1019 tx_gm2_val|float|14272
q|int[4]|0.999275,0.00173479,-0.00251503,0.0379432 mRot|matrix|0.997108,-0.0758401,-0.00489477;0.0758226,0.997115,-0.00365792;0.00515807,0.00327621,0.999981 deter|int|1 mInv|matrix|0.997108,0.0758227,0.00515807;-0.0758401,0.997115,0.00327621;-0.00489477,-0.00365792,0.999981 imu_acc|Vec|4.76781e-05,0.00251604,-0.000825517 t_delta|float|0.00749573 acc_world|Vec|0.00246265,0.0491957,0 acc|vector<Vec>|0.00246265,0.0491957,0;-0.00114791,0.0361917,0 velocity|vector<Vec>|0,0,0;0,0,0 position|vector<Vec>|4.5187e-07,6.18329e-06,0;4.5187e-07,6.18329e-06,0 tx_angle_1|float|1.0284e-07 tx_angle_2|float|9.04567e-06 tx_gm1_val|float|1019 tx_gm2_val|float|14272
q|int[4]|0.999275,0.00173058,-0.00253073,0.0379408 mRot|matrix|0.997108,-0.0758353,-0.00492647;0.0758178,0.997115,-0.00365069;0.00518911,0.00326662,0.999981 deter|int|1 mInv|matrix|0.997108,0.0758178,0.00518911;-0.0758353,0.997115,0.00326662;-0.00492647,-0.00365069,0.999981 imu_acc|Vec|0.000372386,0.00209592,0.000763683 t_delta|float|0.00750366 acc_world|Vec|0.00530271,0.0407178,0 acc|vector<Vec>|0.00530271,0.0407178,0;0.00246265,0.0491957,0 velocity|vector<Vec>|0,0,0;0,0,0 position|vector<Vec>|4.5187e-07,6.18329e-06,0;4.5187e-07,6.18329e-06,0 tx_angle_1|float|1.0284e-07 tx_angle_2|float|9.04567e-06 tx_gm1_val|float|1019 tx_gm2_val|float|14272
q|int[4]|0.999275,0.00172315,-0.00252771,0.0379398 mRot|matrix|0.997108,-0.0758332,-0.004921;0.0758158,0.997115,-0.0036356;0.0051825,0.003252,0.999981 deter|int|1 mInv|matrix|0.997108,0.0758158,0.0051825;-0.0758333,0.997115,0.003252;-0.004921,-0.0036356,0.999981 imu_acc|Vec|0.000737555,0.00319385,9.47397e-05 t_delta|float|0.00999634 acc_world|Vec|0.00974237,0.061913,0 acc|vector<Vec>|0.00974237,0.061913,0;0.00530271,0.0407178,0 velocity|vector<Vec>|0,0,0;0,0,0 position|vector<Vec>|4.5187e-07,6.18329e-06,0;4.5187e-07,6.18329e-06,0 tx_angle_1|float|1.0284e-07 tx_angle_2|float|9.04567e-06 tx_gm1_val|float|1019 tx_gm2_val|float|14272
q|int[4]|0.999275,0.00172983,-0.00252775,0.037943 mRot|matrix|0.997108,-0.0758397,-0.00492057;0.0758223,0.997115,-0.00364898;0.00518311,0.00326534,0.999981 deter|int|1 mInv|matrix|0.997108,0.0758223,0.00518311;-0.0758398,0.997115,0.00326534;-0.00492057,-0.00364898,0.999981 imu_acc|Vec|0.000960886,0.0019218,-0.00047824 t_delta|float|0.00750183 acc_world|Vec|0.0109151,0.0368449,0 acc|vector<Vec>|0.0109151,0.0368449,0;0.00974237,0.061913,0 velocity|vector<Vec>|0,0,0;0,0,0 position|vector<Vec>|4.5187e-07,6.18329e-06,0;4.5187e-07,6.18329e-06,0 tx_angle_1|float|1.0284e-07 tx_angle_2|float|9.04567e-06 tx_gm1_val|float|1019 tx_gm2_val|float|14272
q|int[4]|0.999275,0.00172434,-0.00252546,0.0379435 mRot|matrix|0.997108,-0.0758407,-0.0049164;0.0758233,0.997115,-0.00363782;0.00517811,0.00325452,0.999981 deter|int|1 mInv|matrix|0.997108,0.0758233,0.00517811;-0.0758407,0.997115,0.00325452;-0.0049164,-0.00363782,0.999981 imu_acc|Vec|0.000224522,0.00286254,0.000102527 t_delta|float|0.00999451 acc_world|Vec|0.00446628,0.0558358,0 acc|vector<Vec>|0.00446628,0.0558358,0;0.0109151,0.0368449,0 velocity|vector<Vec>|0,0,0;0,0,0 position|vector<Vec>|4.5187e-07,6.18329e-06,0;4.5187e-07,6.18329e-06,0 tx_angle_1|float|1.0284e-07 tx_angle_2|float|9.04567e-06 tx_gm1_val|float|1019 tx_gm2_val|float|14272
q|int[4]|0.999275,0.00172531,-0.00252701,0.0379418 mRot|matrix|0.997108,-0.0758374,-0.00491944;0.07582,0.997115,-0.00363987;0.00518128,0.00325635,0.999981 deter|int|1 mInv|matrix|0.997108,0.07582,0.00518128;-0.0758374,0.997115,0.00325635;-0.00491944,-0.00363987,0.999981 imu_acc|Vec|0.000632819,0.00315633,1.09952e-05 t_delta|float|0.0075 acc_world|Vec|0.00868922,0.0612616,0 acc|vector<Vec>|0.00868922,0.0612616,0;0.00446628,0.0558358,0 velocity|vector<Vec>|0,0,0;0,0,0 position|vector<Vec>|4.5187e-07,6.18329e-06,0;4.5187e-07,6.18329e-06,0 tx_angle_1|float|1.0284e-07 tx_angle_2|float|9.04567e-06 tx_gm1_val|float|1019 tx_gm2_val|float|14272
q|int[4]|0.999275,0.0017178,-0.00251712,0.0379416 mRot|matrix|0.997108,-0.0758369,-0.00490025;0.0758196,0.997115,-0.00362411;0.00516095,0.00324209,0.999981 deter|int|1 mInv|matrix|0.997108,0.0758196,0.00516095;-0.0758369,0.997115,0.00324209;-0.00490025,-0.00362411,0.999981 imu_acc|Vec|0.000934055,0.00170915,0.000334926 t_delta|float|0.00999268 acc_world|Vec|0.0104837,0.0327052,0 acc|vector<Vec>|0.0104837,0.0327052,0;0.00868922,0.0612616,0 velocity|vector<Vec>|0,0,0;0,0,0 position|vector<Vec>|4.5187e-07,6.18329e-06,0;4.5187e-07,6.18329e-06,0 tx_angle_1|float|1.0284e-07 tx_angle_2|float|9.04567e-06 tx_gm1_val|float|1019 tx_gm2_val|float|14272
